51994008063
51980382652
51980439725
51981876364
51981738202
51994790981
51994222029
51999451726
51990123403
51991035054
5121657150
51980581264
51994913101
1151994690
51992289855
51981699285
51997260089
51993322877
51994815027
51981663595
51996569870
51990181891
51994375629
51981695768
51995816935
51981663489
51983245147
51997426207
11954988343
51994883316
51981757139
51998631851
51990162575
51996161099
11954528414
51993159251
51996449237
51992282566
51999803043
11954988108
11954500865
11983667434
11983673929
11983677722
11983704523
11985894417
11954548639
11954988194
11985952428
11985155326
11954988282
11954547269
11954547175
11954546795
11954543614
11954542997
